0,0
0,0
0,0
0,0
0,0
0,0
0,0
0,0
0,0
0,0
0,0
0,0
0,0
0,0
0,0
0,0
0,0
0,0
0,0
0,0
0,0
0,0
0,0
0,0
0,0
0,0
0,0
0,0
0,0
0,0
0,0
0,0
0,0
0,0
0,0
0,0
0,0
0,0
0,0
0,0
0,0
0,0
0,0
0,0
0,0
0,0
0,0
0,0
0,0
0,0
0,0
0,0
0,0
0,0
0,0
0,0
0,0
0,0
0,0
0,0
0,0
0,0
0,0
0,0
0,0
0,0
0,0
0,0
0,0
0,0
0,0
0,0
0,0
0,0
0,0
0,0
0,0
0,0
0,0
0,0
0,0
0,0
0,0
0,0
0,0
0,0
0,0
0,0
0,0
0,0
0,0
0,0
0,0
0,0
0,0
0,0
0,0
0,0
0,0
0,0
0,0
0,0
0,0
0,0
0,0
0,0
0,0
0,0
0,0
0,0
0,0
0,0
0,0
0,0
0,0
0,0
0,0
0,0
0,0
0,0
0,0
0,0
0,0
0,-0.05
0,0
0,0
0,0
0,-0.05
0,0
0,0
0,-0.05
0,0
0,-0.05
0,0
0,0
0,-0.1
0,-0.05
0,-0.1
0,-0.15
0,-0.15
0,-0.2
-0.05,-0.25
0,-0.2
-0.05,-0.2
0,-0.15
0,-0.1
-0.05,-0.2
0,-0.2
0,-0.15
0,-0.1
-0.05,-0.25
0,-0.15
0,-0.15
0,-0.1
0,-0.15
0,-0.15
0,-0.2
0,-0.15
0,-0.2
-0.05,-0.1
0,-0.2
0,-0.05
-0.05,-0.1
0,-0.1
0,-0.1
0,-0.05
0,-0.1
0,-0.05
0,-0.05
-0.05,-0.15
0,-0.05
0,-0.05
0,-0.05
0,-0.05
0,0
-0.05,-0.1
0,-0.05
0,-0.1
-0.05,-0.05
0,-0.05
0,-0.05
-0.05,-0.05
0,-0.05
0,-0.05
-0.05,-0.05
0,-0.05
-0.05,-0.05
0,-0.05
-0.05,-0.1
0,-0.05
0,-0.05
-0.05,-0.05
0,-0.05
-0.05,-0.05
0,-0.05
-0.05,-0.05
-0.05,-0.15
-0.05,-0.15
-0.1,-0.1
-0.1,-0.25
-0.2,-0.25
-0.2,-0.35
-0.15,-0.15
-0.15,-0.25
-0.2,-0.3
-0.15,-0.2
-0.15,-0.25
-0.2,-0.25
-0.2,-0.25
-0.2,-0.25
-0.15,-0.2
-0.2,-0.25
-0.25,-0.3
-0.2,-0.2
-0.25,-0.3
-0.3,-0.3
-0.2,-0.2
-0.25,-0.2
-0.2,-0.2
-0.2,-0.2
-0.15,-0.1
-0.1,-0.15
-0.15,-0.2
-0.15,-0.15
-0.15,-0.15
-0.1,-0.15
-0.15,-0.2
-0.1,-0.15
-0.15,-0.15
-0.05,-0.05
-0.15,-0.2
-0.1,-0.1
-0.1,-0.2
-0.2,-0.2
-0.1,-0.2
-0.1,-0.15
-0.15,-0.15
-0.05,-0.1
-0.1,-0.1
-0.05,-0.1
-0.1,-0.05
-0.05,-0.1
-0.05,-0.05
-0.05,-0.1
0,0
-0.05,-0.05
-0.05,-0.05
0,-0.05
-0.05,0
0,0
0,-0.05
0,0
0,0
0,0
0,0
0,0
0,0
0,0
0,0
0,0
0,0
0,0
0,0
0,0
0,0
0,0
0,0
0,0
0,0
0,0
0,0
0,0
0,0
0,0
0,0
0,0
0,0
0,0
0,0
0,0
0,0
0,0
0,0
0,0
0,0
0,0
0,0
-0.05,0
0,0
0,0
0,0
0,0
0,0
0,-0.05
0,0
0,0
-0.05,0
0,0
0,0
0,0
0,0
0,0
0,0
0,0
0,-0.05
-0.05,0
0,0
0,0
0,0
0,0
0,0
0,0
0,0
0,0
0,0
0,0
0,0
0,0
0,0
0,0
0,0
0,0
0,0
0,0
0,0
0,0
0,0
0,0
0,0
0,0
-6.7,-1.3
0,0
0,0
0,0
0,0
0,0
0,0
0,0
0,0
0,0
0,0
0,0
0,0
0,0
0,0
0,0
0,0
0,0
0,0
0,0
0,0
0,0
0,0
0,0
0,0
0,0
0,0
0,0
0,0
0,0
0,0
0,0
0,0
0,0
0,0
0,0
0,0
0,0
0,0
0,0
0,0
0,0
0,0
0,0
0,0
0,0
0,0
0,0
-1.7,2.15
0,0
0,0
0,0
0,0
0,0
0,0
0,0
0,0
0,0
0,0
0,0
0,0
0,0
0,0
0,0
0,0
0,0
0,0
0,0
0,0
0,0
0,0
0,0
0,0
0,0
0,0
0,0
0,0
0,0
0.35,4.7
0,0
0,0
0,0
0,0
0,0
0,0
0,0
0,0
0,0
0,0
0,0
0,0
0,0
0,0
0,0
0,0
0,0
0,0
0,0
0,0
0,0
0,0
0,0
0,0
0,0
0,0
0.8,6.15
0,0
0,0
0,0
0,0
0,0
0,0
0,0
0,0
0,0
0,0
0,0
0,0
0,0
0,0
0,0
0,0
0,0
0,0
0,0
0,0
0,0
0,0
0,0
0,0
1.65,6.8
0,0
0,0
0,0
0,0
0,0
0,0
0,0
0,0
0,0
0,0
0,0
0,0
0,0
0,0
0,0
0,0
0,0
0,0
0,0
0,0
0,0
0,0
0,0
0,0
0,0
0,0
0,0
1.7,6.7
0,0
0,0
0,0
0,0
0,0
0,0
0,0
0,0
0,0
0,0
0,0
0,0
0,0
0,0
0,0
0,0
0,0
0,0
0,0
0,0
0,0
0,0
0,0
0,0
0,0
0,0
1.75,3.1
0,0
0,0
0,0
0,0
0,0
0,0
0,0
0,0
0,0
0,0
0,0
0,0
0,0
0,0
0,0
0,0
0,0
0,0
0,0
0,0
0,0
0,0
0,0
0,0
0,0
0,0
1.4,0.55
0,0
0,0
0,0
0,0
0,0
0,0
0,0
0,0
0,0
0,0
0,0
0,0
0,0
0,0
0,0
0,0
0,0
0,0
0,0
0,0
0,0
0,0
0,0
1.65,0.3
0,0
0,0
0,0
0,0
0,0
0,0
0,0
0,0
0,0
0,0
0,0
0,0
0,0
0,0
0,0
0,0
0,0
0,0
0,0
0,0
0,0
0,0
0,0
0,0
0,0
0,0
0.9,-0.15
0,0
0,0
0,0
0,0
0,0
0,0
0,0
0,0
0,0
0,0
0,0
0,0
0,0
0,0
0,0
0,0
0,0
0,0
0,0
0,0
0,0
0,0
0,0
0,0
0,0
1.35,0.1
0,0
0,0
0,0
0,0
0,0
0,0
0,0
0,0
0,0
0,0
0,0
0,0
0,0
0,0
0,0
0,0
0,0
0,0
0,0
0,0
0,0
1.9,0.05
0,0
0,0
0,0
0,0
0,0
0,0
0,0
0,0
0,0
0,0
0,0
0,0
0,0
0,0
0,0
0,0
0,0
0,0
0,0
0,0
0,0
0,0
0,0
0,0
0,0
0,0
0,0
1.15,-0.1
0,0
0,0
0,0
0,0
0,0
0,0
0,0
0,0
0,0
0,0
0,0
0,0
0,0
0,0
0,0
0,0
0,0
0,0
0,0
0,0
0,0
0,0
0,0
0,0
0,0
0,0
1.95,0.15
0,0
0,0
0,0
0,0
0,0
0,0
0,0
0,0
0,0
0,0
0,0
0,0
0,0
0,0
0,0
0,0
0,0
0,0
0,0
0,0
