0,0
0,0
0,0
0,0
0,0
0,0
0,0
0,0
0,0
0,0
0,0
0,0
0,0
0,0
0,0
0,0
0,0
0,0
0,0
0,0
0,0
0,0
0,0
0,0
0,0
0,0
0,0
0,0
0,0
0,0
0,0
0,0
0,0
0,0
0,0
0,0
0,0
0,0
0,0
0,0
0,0
0,0
0,0
0,0
0,0
0,0
0,0
0,0
0,0
0,0
0,0
0,0
0,0
0,0
0,0
0,0
0,0
0,0
0,0
0,0
0,0
0,0
0,0
0,0
0,0
0,0
0,0
0,0
-0.05,-0.05
0,0
-0.05,0
0,0
-0.05,-0.05
-0.05,-0.05
-0.1,0
-0.1,-0.15
-0.1,-0.05
-0.1,-0.05
-0.1,-0.1
-0.05,-0.05
-0.05,-0.05
-0.15,-0.05
-0.1,-0.1
-0.1,-0.05
-0.05,-0.05
-0.1,-0.05
-0.1,-0.1
-0.1,-0.05
-0.05,-0.05
-0.1,-0.05
-0.05,-0.05
-0.05,-0.05
-0.1,-0.05
-0.05,-0.05
-0.05,-0.05
-0.05,-0.05
-0.05,0
-0.05,-0.05
-0.05,0
0,-0.05
-0.05,0
0,0
0,-0.05
-0.05,0
0,0
0,0
0,0
0,0
0,-0.05
0,0
0,0
0,0
0,0
-0.05,0
0,0
0,0
0,0
0,0
0,0
0,0
0,0
0,0
0,0
0,0
0,0
0,0
0,0
0,0
0,0
0,0
0,0
0,0
0,0
0,0
0,0
0,0
0,0
0,0
0,0
-0.05,-0.05
0,0
0,0
0,-0.05
-0.05,0
0,0
0,0
-0.05,-0.05
0,0
0,0
0,0
0,-0.05
-0.05,0
0,0
0,-0.05
0,0
0,0
0,0
-0.05,0
0,0
0,0
0,0
0,0
0,-0.05
0,0
0,0
0,0
0,0
0,0
0,0
-0.05,0
0,0
0,0
0,-0.05
0,0
-0.05,-0.05
0,0
0,0
0,0
-0.05,-0.05
0,0
-0.05,-0.05
0,0
-0.05,-0.05
0,-0.05
-0.05,-0.05
-0.05,0
0,-0.05
0,0
-0.05,-0.05
0,0
-0.05,-0.05
-0.05,-0.05
0,-0.05
-0.05,0
0,-0.05
-0.05,-0.05
-0.05,-0.05
-0.05,-0.05
0,0
-0.05,-0.05
-0.1,-0.1
0,-0.05
-0.05,0
-0.05,-0.1
-0.05,-0.05
-0.1,-0.05
-0.05,-0.05
-0.05,-0.05
-0.05,0
-0.05,-0.05
-0.05,-0.05
0,0
-0.05,-0.05
-0.05,-0.05
-0.05,0
0,-0.05
-0.05,0
0,-0.05
-0.05,0
0,0
0,0
-0.05,-0.05
0,0
0,0
0,0
0,0
-0.05,0
0,0
0,0
0,0
0,0
0,0
0,-0.05
0,0
0,0
-11.5,-8.1
0,0
0,0
0,0
0,0
0,0
0,0
-0.05,0
0,0
0,0
0,-0.05
0,0
0,0
0,0
0,0
-0.05,0
0,0
0,0
0,0
0,0
0,0
0,0
0,0
0,0
0,0
0,0
0,0
0,0
0,0
0,0
0,0
0,0
0,0
0,0
0,0
-4.45,-3.6
0,0
0,0
0,0
0,0
0,0
0,0
0,0
0,0
0,0
0,0
0,-0.05
0,0
0,0
0,0
0,0
0,0
0,0
0,0
-0.05,0
0,0
0,0
0,0
0,0
0,0
0,0
0,0
0,0
0,0
0,0
0,0
0,0
0,0
0,0
0,0
0,0
0,0
0,0
0,0
0,0
0,0
0,0
0,0
0,0
0,0
0,0
0,0
0,0
0,0
0,0
0,0
0,0
0,0
0,0
0,0
0,0
0,0
0,0
0,0
0,0
0,0
0,0
0,0
0,0
0,0
0,0
0,0
0,0
0,0
0,0
0,0
0,0
0,0
0,0
0,0
0,-1.1
0,0
0,0
0,0
0,0
0,0
0,0
0,0
0,0
0,0
0,0
0,0
0,0
0,0
0,0
0,0
0,0
0,0
0,0
0,0
0,0
0,0
0,0
0,0
0,0
0,0
0,0
0,0
0,0
0,0
0,0
0,0
0,0
0,0
0,0
0,0
0,0
0,0
0,0
0,0
0,0
0,0
0,0
0,0
0,0
0,0
0,0
1.05,-0.1
0,0
0,0
0,0
0,0
0,0
0,0
0,0
0,0
0,0
0,0
0,0
0,0
0,0
0,0
0,0
0,0
0,0
0,0
0,0
0,0
0,0
0,0
0,0
0,0
1,3.55
0,0
0,0
0,0
0,0
0,0
0,0
0,0
0,0
0,0
0,0
0,0
0,0
0,0
0,0
0,0
0,0
0,0
0,0
0,0
0,0
0,0
0,0
0,0
0,0
0,0
0,0
0,0
0,0
0,0
0,0
0,0
0,0
0,0
0,0
0,0
0,0
0,0
0,0
0,0
0,0
0,0
0,0
0,0
0,0
0,0
0,0
0,0
0,0
0,0
0,0
0,0
0,0
0,0
0,0
0,0
0,0
0,0
0,0
0,0
0,0
0,0
0,0
0,0
0,0
0,0
0,0
0,0
0,0
2.8,10.6
0,0
0,0
0,0
0,0
0,0
0,0
0,0
0,0
0,0
0,0
0,0
0,0
0,0
0,0
0,0
0,0
0,0
0,0
0,0
0,0
0,0
0,0
0,0
0,0
0,0
0,0
0,0
0,0
0,0
2.3,5.95
0,0
0,0
0,0
0,0
0,0
0,0
0,0
0,0
0,0
0,0
0,0
0,0
0,0
0,0
0,0
0,0
0,0
0,0
0,0
0,0
0,0
0,0
0,0
0,0
0,0
0,0
0,0
0,0
0,0
0,0
0,0
0,0
0,0
0,0
0,0
0,0
0,0
0,0
0,0
0,0
0,0
0,0
0,0
0,0
0,0
0,0
0,0
0,0
0,0
2.3,2.85
0,0
0,0
0,0
0,0
0,0
0,0
0,0
0,0
0,0
0,0
0,0
0,0
0,0
0,0
0,0
0,0
0,0
0,0
0,0
0,0
0,0
0,0
0,0
0,0
0,0
0,0
2.1,1.2
0,0
0,0
0,0
0,0
0,0
0,0
0,0
0,0
0,0
0,0
0,0
0,0
0,0
0,0
0,0
0,0
0,0
0,0
0,0
0,0
0,0
0,0
0,0
0,0
12.2,-13.65
0,0
0,0
0,0
0,0
0,0
0,0
0,0
0,0
0,0
0,0
0,0
0,0
0,0
0,0
0,0
0,0
0,0
0,0
0.05,0
0,0
0,0
0,0
0,0
-3.8,7.95
0,0
0.05,0
0,0
0,0
0,0
0,0
0,0
0,0
0,0
0.05,0
0,0
0,0
0,0
0,0
0,0
0,0
0,0
0,0
0,0
0,0
0,0
0,0
0,0
0,0
0,0
0,0
0,0
0,0
0,0
0,0
0,0
0,0
0,0
0,0
0,0
0,0
0,0
0,0
0,0
0,0
0,0
0,0
0,0
0,0
0,0
0,0
0,0
-0.4,3.55
0,0
0,0
0,0
0,0
0,0
0,0
0,0
0,0
0,0
0,0
0,0
0,0
0,0
0,0
0,0
0,0
0,0
0,0
0,0
0,0
0,0
0,0
0,0
0,0
0,0
0,0
0.4,1.7
0,0
0,0
0,0
0,0
0,0
0,0
0,0
0,0
0,0
0,0
0,0
0,0
0,0
0,0
0,0
0,0
0,0
0,0
0,0
