0,0.1
-0.1,0.15
-0.05,0.1
-0.05,0.1
-0.05,0.05
-0.1,0.15
-0.1,0.1
-0.1,0.1
-0.15,0.1
-0.05,0.1
-0.15,0.1
-0.1,0.05
-0.1,0.1
-0.15,0.1
-0.1,0.05
-0.15,0.15
-0.15,0.05
-0.1,0.05
-0.1,0.1
-0.15,0.1
-0.1,0.1
-0.1,0.1
-0.05,0
0,0
0,0
0,0
0,0
0,0
0,0
0,0
0,0
0,0
-0.05,0
0,0.05
-0.05,0.05
-0.1,0
-0.05,0.05
-0.1,0.1
-0.1,0.05
-0.05,0.05
-0.1,0.05
-0.1,0
-0.05,0.05
-0.2,0.05
-0.05,0
-0.05,0
-0.15,-0.1
-0.1,-0.1
-0.15,-0.15
-0.15,-0.1
-0.25,-0.25
-0.25,-0.2
-0.2,-0.25
-0.3,-0.3
-0.3,-0.25
-0.35,-0.35
-0.35,-0.3
-0.4,-0.35
-0.6,-0.45
-0.4,-0.3
-0.2,-0.15
-0.15,-0.1
-0.15,-0.1
-0.1,-0.05
-0.1,-0.1
-0.1,-0.05
-0.1,-0.05
-0.05,-0.05
-0.05,-0.05
-0.1,-0.05
-0.05,-0.05
-0.05,-0.05
-0.1,-0.05
-0.05,-0.1
-0.05,-0.05
-0.1,-0.05
-0.05,-0.05
-0.05,-0.05
-0.05,-0.05
-0.05,-0.05
-0.05,-0.05
-0.05,-0.05
-0.05,0
-0.05,-0.05
0,0
-0.05,-0.05
-0.05,-0.05
-0.1,-0.05
-0.05,0
-0.05,-0.05
-0.05,-0.05
-0.05,-0.05
-0.05,-0.05
-0.05,0
-0.05,-0.05
-0.05,0
0,-0.05
-0.05,-0.05
0,0
-0.05,0
0,0
0,0
0,-0.05
0,0
0,0
0,0
0,0
0,0
-0.05,0
0,0
0,0
0,0
0,0
0,0
0,-0.05
0,0
0,0
-0.05,0
0,0
0,0
0,-0.05
0,0
-0.05,0
0,-0.05
0,0
0,0
-0.05,0
0,-0.05
0,0
0,-0.05
0,0
-0.05,0
0,-0.05
-0.05,0
0,-0.05
-0.05,-0.05
-0.05,-0.05
-0.05,-0.05
-0.1,-0.05
-0.1,-0.15
-0.1,-0.05
-0.05,-0.1
-0.15,-0.1
-0.05,-0.05
-0.15,-0.15
-0.1,-0.1
-0.1,-0.05
-0.1,-0.1
-0.1,-0.1
-0.1,-0.1
-0.1,-0.05
-0.25,-0.2
-0.1,-0.1
-0.05,-0.05
-0.05,0
0,-0.05
-0.05,0
-0.05,-0.05
-0.05,0
0,-0.05
-0.05,0
0,0
-0.05,-0.05
0,0
-0.05,-0.05
0,0
0,0
0,0
0,0
0,0
0,0
0,0
0,0
0,0
0,0
0,0
0,0
0,0
0,0
0,0
0,0
0,0
-0.05,0
0,0
0,0
0,0
0,0
0,0
0,0
0,0
0,0
0,0
0,0
0,0
0,0
0,-0.05
0,0
0,0
-0.05,0
-0.1,-0.05
-0.25,0
-0.1,0
-0.05,0
-0.05,-0.05
-0.05,0
-0.1,0
-0.05,0
-0.05,0
-0.05,0
-0.1,0
-0.05,0
-0.05,0
-0.1,-0.05
-0.1,0
-0.1,0
-0.05,0
-0.1,0
-0.05,0
-0.05,0
-0.05,0
0,0
0,-0.05
-0.05,0
0,0
0,0
0,0
0,0
0,0
0,0
0,0
-0.05,0
0,0
0,0
0,0
-0.05,0
0,0
-0.05,0
0,0
0,0
0,0
-0.05,0
0,0
0,0
0,0
0,0
0,0
0,0
0,0
0,0
0,0
0,0
0,0
0,0
0,0
0,0
0,0
0,0
0,0
0,0
0,0
0,0
0,0
0,0
0,0
0,0
0,0
0,0
0,0
0,0
0,0
0,0
0,0
0,0
0,0
0,0
0,0
0,0
0,0
0,0
0,0
0,0
0,0
0,0
0,0
0,0
0,0
0,0
0,0
0,0
0,0
0,0
0,0
0,0
0,0
0,0
0,0
0,0
0,0
0,0
0,0
0,0
24.6,-5.85
0,0
0,0
0,0
0,0
0,0
0,0
0,0
0,0
0,0
0,0
0,0
0,0
0,0
0,0
0,0
0,0
0,0
0,0
0,0
0,0
0,0
0,0
0,0
0,0
0,0
0,0
0,0
0,0
0,0
0,0
0,0
0,0
0,0
0,0
0,0
0,0
0,0
0,0
0,0
0,0
0,0
0,0
0,0
0,0
0,0
0,0
0,0
0,0
0,0
3.5,1.1
0,0
0,0
0,0
0,0
0,0
0,0
0,0
0,0
0,0
0,0
0,0
0,0
0,0
0,0
0,0
0,0
0,0
0,0
0,0
0,0
0,0
0,0
-29.15,-1.55
0,0
0,0
0,0
0,0
0,0
0,0
0,0
0,0
0,0
0,0
0,0
0,0
0,0
0,0
0,0
0,0
0,0
-3.2,2.1
0,0
0,0
0,0
0,0
0,0
0,0
-0.05,0
-0.2,0
-0.25,0
-0.4,0.05
-0.35,0.1
-0.35,0.05
-0.35,0.05
-0.3,0
-0.3,0
-0.25,0.05
-0.3,0
-0.2,0
-0.2,0
-0.3,0
-0.3,-0.05
-0.25,-0.05
-0.25,-0.05
-0.35,-0.05
-0.4,-0.05
-0.35,-0.05
-0.55,-0.1
-0.3,-0.05
-0.05,0
0,0
0,0
0,0
0,0
0,0
1.95,-1.75
0,0
0,0
0,0
0,0
0,0
0,0
0,0
0,0
0,0
0,0
0,0
0,0
0,0
0,0
0,0
0,0
0,0
0,0
0,0
0,0
0,0
0,0
0,0
0,0
0.05,0
0.05,0
0.15,0
0.25,-0.05
0.2,-0.05
0.15,-0.05
0.25,0
0.15,-0.05
1.7,-0.35
0.1,-0.05
0.05,0
0.05,-0.05
0.05,0
0,0
0,-0.05
0,0
0,0
0,0
0,0
0,0
0,0
0,0
0,0
0,0
0,0
0,0
0,0
0,0
-1.5,0
0,0
0,0
0,0
0,0
0,0
0,0
0,0
0,0
0,0
0,0
0,0
0,0
0,0
0,0
0,0
0,0
0,0
0,0
0,0
0,0
0,0
0,0
0,0
0,0
0,0
0,0
0,0
0,0
0,0
0,0
0,0
0,0
