-0.05,-0.3
-0.1,-0.35
-0.1,-0.3
-0.05,-0.2
-0.05,-0.3
-0.05,-0.3
-0.05,-0.2
0,-0.2
0,-0.15
0,-0.15
0,-0.25
0,-0.2
0.05,-0.25
0.1,-0.35
0.05,-0.2
0.05,-0.25
0.1,-0.3
0.05,-0.2
0.1,-0.25
0.1,-0.35
0.1,-0.25
0.05,-0.2
0.1,-0.3
0.1,-0.2
0.05,-0.15
0.05,-0.15
0.05,-0.15
0.1,-0.1
0.05,-0.15
0.05,-0.15
0.1,-0.05
0.05,-0.1
0,-0.1
0.05,0
0,-0.05
0.05,-0.05
0,0
0,0
0.05,-0.05
0,0
0,0
0,-0.05
0.05,0
0,0
0,0
0,-0.05
0,0
0,0
0,0
0,-0.05
0,0
0,0
0,0
0,0
0,0
0,0
0,0
0,0
0,0
0,0
0,-0.05
0,0
0,0
0,0
0,-0.05
0,-0.05
0,0
-0.05,-0.1
0,-0.05
-0.05,-0.05
0,-0.05
0,-0.05
0,0
-0.05,-0.05
0,-0.05
0,-0.05
-0.05,0
0,0
0,-0.05
-0.05,-0.05
0,0
-0.05,-0.05
0,-0.05
-0.05,-0.1
-0.05,0
0,-0.05
-0.05,-0.05
0,0
-0.05,0
0,-0.05
0,0
0,-0.05
-0.05,0
0,-0.05
0,0
0,0
-0.05,-0.05
0,0
0,0
0,-0.05
-0.05,0
0,0
0,-0.05
0,0
0,0
0,0
0,0
0,0
0,0
0,0
0,0
0,0
0,0
0,0
0,0
0,0
0,0
0,0
0,0
0,0
0,0
0,0
0,0
0,0
0,0
0,0
0,0
0,0
0,0
0,0
0,0
0,0
0,0
0,0
0,0
0,0
0,0
0,0
0,0
0,0
0,0
0,0
0,0
0,0
0,0
0,0
0,0
0,0
0,0
0,0
0,0
0,0
0,-0.05
-0.05,-0.05
0,-0.1
-0.05,-0.05
0,-0.1
-0.05,-0.05
0,-0.1
-0.05,-0.05
0,-0.1
0,-0.05
-0.05,-0.05
0,-0.05
0,-0.1
-0.05,-0.05
0,-0.1
-0.05,-0.05
0,0
0,-0.05
0,-0.05
0,0
0,0
0,0
0,0
0,-0.05
0,0
0,0
0,0
0,0
0,0
0,0
0,0
0,0
0,0
0,0
0,0
0,0
0,0
0,0
0,0
0,0
0,0
0,0
0,0
0,0
0,0
0,0
0,0
0,0
-0.05,0
0,-0.05
0,0
0,0
0,0
0,0
0,0
0,0
0,0
0,0
0,0
0,0
0,0
0,0
0,0
0,0
0,0
0,0
0,0
0,0
0,0
0,0
0,0
0,0
0,0
0,0
0,0
0,0
0,0
0,0
0,0
0,0
0,0
0,0
0,0
0,0
0,0
-0.05,0
0,0
0,-0.05
0,0
0,0
-0.05,0
0,0
0,0
0,-0.05
-0.05,0
0,0
0,0
0,0
0,0
0,0
-0.05,-0.05
0,0
0,0
0,0
-0.05,0
0,0
0,0
0,-0.05
0,0
0,0
-0.05,0
0,0
0,0
0,0
0,0
0,0
0,0
0,0
0,0
0,0
0,0
0,0
0,0
0,0
0,0
0,0
0,0
0,0
0,0
0,0
0,0
0,0
0,0
0,0
0,0
0,0
0,0
0,0
0,0
0,0
0,0
0,0
0,0
0,0
0,0
0,0
0,0
0,0
0,0
0,0
-7.9,-5.35
0,0
0,0
0,0
0,0
0,0
0,0
0,0
0,0
0,0
0,0
0,0
0,0
0,0
0,0
0,0
0,0
0,0
0,0
0,0
0,0
0,0
0,0
0,0
0,0
0,0
0,0
0,0
0,0
0,0
0,0
0,0
0,0
0,0
0,0
0,0
0,0
0,0
0,0
0,0
0,0
0,0
-2.6,-0.45
0,0
0,0
0,0
0,0
0,0
0,0
0,0
0,0
0,0
0,0
0,0
0,0
0,0
0,0
0,0
0,0
0,0
0,0
0,0
0,0
0,0
0.4,2.5
0,0
0,0
0,0
0,0
0,0
0,0
0,0
0,0
0,0
0,0
0,0
0,0
0,0
0,0
0,0
0,0
0,0
0,0
0,0
0,0
0,0
0,0
0,0
0,0
0,0
0,0
0,0
0,0
0,0
0,0
0,0
0,0
0,0
0,0
0,0
0,0
0,0
0,0
0,0
0,0
2.45,8.6
0,0
0,0
0,0
0,0
0,0
0,0
0,0
0,0
0.05,0.05
0.15,0.1
0.2,0.15
0.2,0.15
0.15,0.05
0.15,0.1
0.1,0.1
0.1,0.05
0.1,0.05
1.65,6.2
0.1,0.05
0.05,0
0.05,0.05
0.05,0.05
0.05,0
0.05,0.05
0.05,0.05
0.05,0
0,0.05
0.05,0
0,0.05
0.05,0
0.05,0
0,0.05
0,0
0.05,0
0.65,2.25
0.05,0
0,0
0,0
0.05,0.05
0,0
0,0
0,0
0,0
0,0
0,0
0,0
0,0
0,0
0,0
0,0
0,0
0,0
0.05,0
0,0
0,0
0.7,0.35
0,0
0,0
0,0
0,0
0,0
0,0
0,0
0,0
0,0
0,0
0,0
0,0
0,0
0,0
0,0
0,0
0,0
0,0
0,0
1.1,0.5
0,0
0,0
0,0
0,0
0,0
0,0
0,0
0,0
0,0
0,0
0,0
0,0
0,0
0,0
0,0
0,0
0,0
0,0
0,0
0,0
0,0
0,0
0,0
0,0
0,0
1.5,0.45
0,0
0,0
0,0
0,0
0,0
0,0
0,0
0,0
0,0
0,0
0,0
0,0
0,0
0,0
0,0
0,0
0,0
0,0
0,0
2.05,0.5
0,0
0,0
0,0
0,0
0,0
0,0
0,0
0,0
0,0
0,0
0,0
0,0
0,0
0,0
0,0
0,0
0,0
0,0
0,0
0,0
0,0
1.65,0.35
0,0
0,0
0,0
0,0
0,0
0,0
0,0
0,0
0,0
0,0
0,0
0,0
0,0
0,0
0,0
0,0
0,0
0,0
0,0
0,0
1.35,0.3
0,0
0,0
0,0
0,0
0,0
0,0
0,0
0,0
0,0
0,0
0,0
