0,0
0,0
0,0
0,0
0,0
0,0
0,0
0,0
0,0
0,0
0,0
0,-0.05
0,0
0,0
0,0
0,0
0,0
0,0
0,0
0,0
0,0
0,0
0,0
0,0
0,0
0,0
0,0
0,-0.05
-0.05,-0.05
-0.05,-0.15
0,-0.15
-0.05,-0.15
-0.1,-0.2
-0.05,-0.3
-0.05,-0.3
-0.05,-0.35
-0.05,-0.25
-0.05,-0.25
-0.05,-0.2
-0.05,-0.2
-0.05,-0.2
0,-0.15
-0.05,-0.2
-0.05,-0.15
-0.05,-0.15
-0.05,-0.1
0,-0.05
-0.05,-0.1
-0.05,-0.05
0,-0.05
-0.05,-0.05
0,-0.05
-0.05,-0.05
0,-0.05
0,-0.05
0,0
0,-0.05
-0.05,0
0,-0.05
0,-0.05
0,-0.05
-0.05,-0.05
0,-0.05
-0.05,-0.1
-0.05,-0.1
-0.05,-0.1
-0.1,-0.1
-0.1,-0.15
-0.1,-0.15
-0.15,-0.2
-0.15,-0.15
-0.1,-0.15
-0.1,-0.15
-0.1,-0.15
-0.1,-0.1
-0.1,-0.1
-0.05,-0.1
-0.05,-0.1
-0.05,-0.05
-0.05,-0.05
-0.05,-0.1
-0.05,0
0,-0.05
0,-0.05
-0.05,0
0,-0.05
0,0
0,0
0,0
0,0
0,0
0,0
0,0
0,0
0,0
0,0
0,0
0,0
0,0
0,0
0,0
0,0
0,0
0,0
0,0
0,0
0,0
0,0
0,0
0,0
0,0
0,0
0,0
0,0
0,0
0,0
0,0
0,0
0,0
0,0
0,0
0,0
0,0
0,0
0,0
0,0
0,0
0,0
0,0
0,0
0,0
0,0
0,0
0,0
0,0
0,0
0,0
0,0
-14.35,-13.6
0,0
0,0
0,0
0,0
0,0
0,0
0,0
0,0
0,0
0,0
0,0
0,0
0,0
0,0
0,0
0,0
0,0
0,0
0,0
0,0
0,0
0,0
0,0
0,0
0,0
0,0
0,0
0,0
0,0
0,0
0,0
0,-0.05
0,-0.05
0,-0.1
0,-0.25
0,-0.25
0,-0.3
0,-0.2
0,-0.2
0,-0.15
-0.05,-0.1
0,-0.1
0,-0.1
0,-0.05
0,-0.05
0,-0.05
0,-0.05
0,0
0,0
0,0
0,0
0,0
0,0
0,0
0,0
0,0
0,0
0,0
0,0
0,0
0,0
0,0
0,0
0,0
0,0
0,0
0,0
0,0
0,0
0,0
0,0
0,0
0,0
0,0
0,0
0,0
0,0
0,0
0,0
0,0
0,0
0,0
0,0
0,0
0,0
0,0
0,0
0,0
0,-0.05
0,0
0,0
0,0
0,0
0,0
0,0
0,0
0,0
0,0
0,0
0,0
0,0
0,0
0,0
0,0
0,0
0,0
0,0
0,0
0,0
0,-0.05
0,0
0,0
0,0
0,0
0,0
0,0
0,0
0,0
0,0
0,0
0,0
0,0
0,0
0,0
0,0
0,0
0,0
0,0
0,0
0,0
0,0
0,0
0,0
0,0
0,0
0,0
0,0
0,0
0,0
0,0
0,0
0,0
0,0
0,0
0,0
0,0
0,0
0,0
0,0
0,0
0,0
0,0
0,0
0,0
0,0
0,0
0,0
0,0
0,0
0,0
0,0
0,0
0,0
0,0
0,0
0,0
0,0
0,0
0,0
0,0
0,0
0,0
0,0
0,0
0,0
0,0
0,0
0,0
0,0
0,0
0,0
0,0
0,0
0,0
0,0
0,0
0,0
0,0
0,0
0,0
0,0
-0.65,-2.65
0,0
0,0
0,0
0,0
0,0
0,0
0,0
0,0
0,0
0,0
0,0
0,0
0,0
0,0
0,0
0,0
0,0
0,0
0,0
0,0
0,0
0,0
0,0
0,0
0,0
0,0
0,0
0,0
0,0
0,0
0,0
0,0
0,0
0,0
0,0
0,0
0,0
0,0
0,0
0,0.05
0,0
0,0
0,0.05
0.1,0.15
2.4,4.25
0.25,0.3
0.15,0.2
0.1,0.15
0.1,0.1
0.05,0.05
0.1,0.1
0.05,0.1
0.1,0.05
0.05,0.05
0.05,0.05
0.05,0.05
0,0.05
0.05,0
0,0.05
0,0
0,0
0,0
0,0
0,0
-0.45,1.95
0,0
0,0
0,0
0,0
0,0
0,0
0,0
0,0
0,0
0,0
0,0
0,0
0.05,0
0,0
0,0
0,0
0,0
0,0
0,0
0,0
0,0
0,0
0,0
0.7,5.55
0,0
0,0
0,0
0,0
0,0
0,0
0,0
0,0
0,0
0,0
0,0
0,0
0,0
0,0
0,0
0,0
0,0
0,0
0,0
1.05,2.2
0,0
0,0
0,0
0,0
0,0
0,0
0,0
0,0
0,0
0,0
0,0
0,0
0,0
0,0
0,0
0,0
0,0
0,0
0,0
0,0
0,0
1.55,1.1
0,0
0,0
0,0
0,0
0,0
0,0
0,0
0,0
0,0
0,0
0,0
0,0
0,0
0,0
0,0
0,0
0,0
0,0
0,0
1,0.3
0,0
0,0
0,0
0,0
0,0
0,0
0,0
0,0
0,0
0,0
0,0
0,0
0,0
0,0
0,0
0,0
0,0
0,0
0,0
0,0
0,0
0,0
0,0
0,0
0,0
1.9,0.3
0,0
0,0
0,0
0,0
0,0
0,0
0,0
0,0
0,0
0,0
0,0
0,0
0,0
0,0
0,0
0,0
0,0
0,0
0,0
0,0
0,0
0,0
1.3,0.15
0,0
0,0
0,0
0,0
0,0
0,0
0,0
0,0
0,0
0,0
0,0
0,0
0,0
0,0
0,0
0,0
0,0
0,0
0,0
0,0
0,0
0,0
1.3,0.3
0,0
0,0
0,0
0,0
0,0
0,0
0,0
0,0
0,0
0,0
0,0
0,0
0,0
0,0
0,0
0,0
0,0
0,0
0,0
0,0
0,0
1.45,0.05
0,0
0,0
0,0
0,0
0,0
0,0
0,0
0,0
0,0
0,0
0,0
0,0
0,0
0,0
0,0
0,0
0,0
0,0
0,0
0,0
0,0
0,0
1.45,0.25
0,0
0,0
0,0
0,0
0,0
0,0
0,0
0,0
0,0
0,0
0,0
0,0
0,0
0,0
0,0
0,0
0,0
0,0
0,0
0,0
0,0
0,0
0,0
2.15,0.2
0,0
0,0
0,0
0,0
0,0
