0,0
0,0
0,0
0,0
0.05,0
0,0
0,0
0,0
0,0
0,0
0,0
0,0
0,0
0,0
0,0
0,0
0,0
0,0
0,0
0,0
0,0
0,0
0,0
0,0
0,0
0,0
0,0
0,0.05
0,0
0.05,0.05
0,0.05
0,0
0,0.05
0,0.1
0,0.05
0,0.1
0,0.1
0,0.1
0,0.05
0,0.15
0,0.1
0,0.1
-0.05,0.1
0,0.1
0,0.05
0,0.05
0,0.05
0,0
0,0
0,0
0,0
0,0
0,0
0,0
0,0
0,0
0,0
0,0
0,0
0,0
0,0
0,0
0,0
0,0
0,0
0,0
0,0
0,0
0,0
0,0
0,0
-0.05,-0.1
-0.1,-0.15
-0.1,-0.15
-0.1,-0.15
-0.1,-0.2
-0.15,-0.15
-0.15,-0.2
-0.1,-0.15
-0.15,-0.15
-0.15,-0.2
-0.2,-0.15
-0.15,-0.15
-0.1,-0.1
-0.1,-0.1
-0.05,-0.05
-0.1,-0.05
-0.05,-0.05
0,0
-0.05,-0.05
0,0
0,-0.05
0,0
0,0
0,0
-0.05,0
0,0
0,0
0,-0.05
0,0
0,0
0,0
0,0
0,0
0,0
0,0
0,0
0,0
0,0
0,0
0,0
0,0
0,0
0,0
0,0
0,0
0,0
0,0
0,0
0,0
0,0
0,0
0,0
0,0
0,0
0,0
0,0
0,0
0,0
0,0
0,0
0,0
0,0
0,0
0,0
0,-0.05
0,0
0,0
0,-0.05
-0.05,-0.05
-0.05,-0.05
0,-0.05
-0.05,-0.1
-0.05,-0.05
0,-0.05
-0.05,0
0,-0.05
-0.05,-0.05
0,-0.05
-0.05,-0.05
-0.05,-0.05
-0.05,-0.05
0,0
-0.05,-0.05
-0.05,-0.05
-0.05,-0.05
-0.05,-0.05
-0.05,-0.05
-0.05,0
-0.1,-0.05
-0.05,-0.05
-0.05,-0.05
-0.05,-0.05
0,0
-0.05,-0.05
-0.05,-0.05
-0.05,0
-0.05,-0.05
-0.05,-0.05
-0.05,0
-0.1,-0.05
-0.05,-0.05
-0.05,-0.05
-0.05,-0.05
-0.05,-0.05
-0.05,-0.05
-0.1,0
-0.05,-0.05
-0.05,-0.05
-0.05,-0.05
-0.05,-0.05
-0.05,0
-0.05,-0.05
-0.05,-0.05
0,0
-0.05,-0.05
-0.1,-0.05
-0.05,-0.05
-0.1,-0.05
-0.1,-0.05
-0.05,-0.05
-0.1,-0.05
-0.05,0
-0.1,-0.05
-0.05,-0.05
-0.1,-0.05
-0.1,0
-0.1,-0.05
-0.1,-0.05
-0.1,-0.05
-0.05,0
-0.1,-0.05
-0.05,-0.05
0,0
-0.05,-0.05
0,0
-0.05,0
0,0
0,-0.05
-0.05,0
-9.95,-2.25
0,0
-0.05,-0.05
0,0
-0.05,0
0,0
-0.05,-0.05
-0.05,0
-0.05,-0.05
-0.05,0
-0.05,-0.05
-0.05,-0.05
-0.05,0
-0.05,-0.05
-0.1,-0.05
-0.05,-0.05
-0.05,-0.05
-0.1,-0.05
-0.05,0
-0.05,-0.05
-0.1,-0.05
-0.05,-0.1
-0.1,0
-0.1,-0.1
-0.1,-0.05
-0.05,-0.05
-0.1,-0.05
-0.15,-0.1
-0.05,-0.05
-0.1,-0.05
-0.1,-0.1
-0.1,-0.05
-0.1,-0.05
-0.05,-0.05
-0.1,-0.1
-0.05,0
-0.1,-0.05
-0.05,-0.05
-0.1,-0.05
-0.05,-0.05
-0.15,-0.1
-0.1,-0.05
-0.1,-0.05
-0.1,-0.05
-0.1,-0.1
-0.1,-0.05
-0.05,-0.05
-0.1,0
-0.1,-0.1
-0.1,0
-0.05,-0.05
-0.05,0
0,0
0,0
0,0
0,0
0,0
0,0
0,0
0,0
0,0
0,0
0,0
0,0
0,0
0,0
0,0
0,0
0,0
0,0
0,0
0,0
0,0
0,0
0,0
0,0
0,0
0,0
0,0
0,0
0,0
0,0
0,0
0,0
0,0
0,0
0,0
0,0
0,0
0,0
0,0
0,0
0,0
0,0
0,0
0,0
0,0
0,0
0,0
0,0
0,0
0,0
0,0
0,0
0,0
0,0
0,0
0,0
0,0
0,0
0,0
0,0
0,0
0,0
0,0
0,0
0,0
0,0
0,0
0,0
0,0
0,0
0,0
0,0
0,0
0,0
0,0
0,0
0,0
0,0
0,0
0,0
0,0
0,0
0,0
0,0
0,0
0,0
0,0
0,0
0,0
0,0
0,0
0,0
0,0
0,0
0,0
0,0
0,0
0,0
0,0
0,0
0,0
0,0
0,0
0,0
0,0
0,0
0,0
0,0
0,0
0,0
0,0
0,0
0,0
0,0
0,0
0,0
0,0
0,0
0,0
0,0
0,0
0,0
0,0
0,0
0,0
0,0
0,0
0,0
0,0
0,0
0,0
0,0
0,0
0,0
0,0
0,0
0,0
0,0
0,0
0,0
0,0
0,0
0,0
0,0
0,0
0,0
0,0
0,0
0,0
0,0
0,0
0,0
0,0
0,0
0,0
0,0
0,0
0,0
0,0
0,0
0,0
0,0
0,0
0,0
0,0
0,0
0,0
0,0
0,0
0,0
0,0
0,0
0,0
0,0
0,0
0,0
0,0
0,0
0,0
0,0
0,0
0,0
0,0
0,0
0,0
0,0
0,0
0,0
0,0
0,0
0,0
0,0
0,0
0,0
0,0
0,0
0,0
0,0
0,0
0,0
0,0
-5.75,-1.1
0,0
0,0
0,0
0,0
0,0
0,0
0,0
0,0
0,0
0,0
0,0
0,0
0,0
0,0
0,0
0,0
0,0
0,0
0,0
0,0
0,0
0,0
0,0
0,0
0,0
0,0
0,0
-2.65,-0.85
0,0
0,0
0,0
0,0
0,0
0,0
0,0
0,0
0,0
0,0
0,0
0,0
0,0
0,0
0,0
0,0
0,0
0,0
0,0
0,0
0,0
0,0
0,0
0,0
0,0
0,0
0.2,-0.65
0,0
0,0
0,0
0,0
0,0
0,0
0,0
0,0
0,0
0,0
0,0
0,0
0,0
0,0
0,0
0,0
0,0
0,0
0,0
0,0
0,0
0,0
0,0
0,0
0,-0.05
0,0
0,0
0,0
0,0
1.25,-0.55
0,0
0,0
0,0
0,0
0,0
0,0
0,0
0,0
0,0
0,0
0,0
0,0
0,0
0,0
0,0
0,0
0,0
0,0
0,0
0,0
0,0
0,0
0,0
