-1.55,-1.3
-0.8,-0.8
-0.35,-0.45
-0.2,-0.3
-0.2,-0.25
-0.15,-0.2
-0.2,-0.25
-0.15,-0.2
-0.2,-0.25
-0.25,-0.3
-0.25,-0.25
-0.3,-0.25
-0.2,-0.2
-0.25,-0.25
-0.25,-0.2
-0.25,-0.25
-0.25,-0.2
-0.15,-0.2
-0.15,-0.15
-0.15,-0.15
-0.15,-0.05
-0.05,-0.15
-0.1,-0.1
-0.1,-0.05
-0.05,-0.1
-0.05,-0.05
-0.05,-0.05
0,-0.05
-0.05,0
0,-0.05
0,0
-0.05,0
0,0
0,0
0,0
0,0
0,0
0,0
0,0
0,0
0,0
0,0
0,-0.05
0,0
0,0
0,0
0,0
0,0
0,0
0,0
0,0
0,0
0,0
0,0
0,0.05
0.05,0.05
0.1,0.05
0.1,0.1
0.1,0.1
0.1,0.1
0.15,0.15
0.15,0.1
0.25,0.2
0.3,0.15
0.25,0.2
0.25,0.1
0.25,0.1
0.15,0.1
0.1,0.05
0.1,0.05
0.05,0
0.05,0.05
0.05,0
0,0
0,0
0.05,0
0,0
0,0
0,0
0,0
0,0
0,0
0,0
0,0
0,0
0,0
0,0
0,0
0,0
0,0
0,0
0,0
0,0
0,0
0,0
0,0
0,0
0,0
0,0
0,0
0,0
0,0
0,0
0,0
0,-0.05
0,0
0,0
0,0
0,-0.05
0,0
0,0
0,-0.05
0,0
0,0
0,-0.05
0,0
0,0
0,-0.05
0,0
0,-0.05
0,0
-0.05,-0.05
0,0
0,-0.05
-0.05,-0.05
-0.05,-0.05
0,-0.05
-0.05,-0.05
0,0
0,-0.05
-0.05,0
0,0
0,-0.05
0,0
0,0
-0.05,0
0,-0.05
0,0
0,0
0,0
0,0
-0.05,-0.05
0,0
0,0
0,0
-0.05,-0.05
0,0
0,0
0,0
0,0
0,0
0,0
0,0
0,0
0,0
0,0
0,0
0,0
0,0
0,0
0,0
0,0
0,0
0,0
0,0
0,0
0,0
0,-0.05
0,0
0,0
0,0
0,0
0,0
0,0
0,0
0,0
0,0
0,0
0,0
0,0
0,0
0,0
0,0
0,0
0,0
0,0
0,0
0,0
0,0
0,0
0,0
0,0
0,0
0,0
0,0
0,0
0,0
0,0
0,0
0,0
0,0
0,0
0,0
0,0
0,0
0,0
0,0
0,0
0,0
0,0
0,0
0,0
0,0
0,0
0,0
0,0
0,0
0,0
0,0
0,0
0,0
0,0
0,0
0,0
0,0
0,0
0,0
0,0
0,0
0,0
0,0
0,0
0,0
0,0
0,0
0,0
0,0
0,0
0,0
0,0
0,0
0,0
0,0
0,0
0,0
0,0
0,0
0,0
0,0
0,0
0,0
0,0
0,0
0,0
0,0
0,0
0,0
0,0
0,0
0,0
0,-0.05
-0.05,-0.05
0,0
-0.05,-0.05
0,-0.05
0,0
0,-0.05
0,0
-0.05,-0.05
0,0
0,0
0,0
0,-0.05
0,0
0,0
0,-0.05
-0.05,0
0,-0.05
0,-0.05
-0.05,0
0,-0.05
0,-0.05
-0.05,0
0,0
0,-0.05
0,0
0,0
0,0
0,0
0,0
0,-0.05
0,0
0,0
-0.05,-0.05
0,-0.05
0,-0.05
-0.05,-0.05
0,0
0,-0.05
-0.05,0
0,-0.05
0,0
0,0
0,0
0,0
0,-0.05
0,0
-0.05,0
0,0
0,0
0,0
0,0
0,0
0,0
0,0
0,0
0,0
0,0
0,0
0,0
0,0
0,0
0,0
0,0
0,0
0,0
0,0
0,0
0,0
0,0
0,0
0,0
0,0
0,0
0,0
0,0
0,0
0,0
0,0
0,0
0,0
0,0
0,0
0,0
0,0
0,0
0,0
0,0
0,0
0,0
0,0
0,0
0,0
0,0
0,0
0,0
0,0
0,0
0,0
0,0
0,0
0,0
0,0
0,0
0,0
0,0
0,0
-3.85,2.2
0,0
0,0
0,0
0,0
0,0
0,0
0,0
0,0
0,0
0,0
0,0
0,0
0,0
0,0
0,0
0,0
0,0
0,0
0,0
0,0
0,0
0,0
0,0
0,0
0,0
0,0
0,0
0,0
-0.8,4.55
0,0
0,0
0,0
0,0
0,0
0,0
0,0
0,0
0,0
0,0
0,0
0,0
0,0
0,0
0,0
0,0
0,0
0,0
0,0
0,0
0,0
0,0
0.9,6
0,0
0,0
0,0
0,0
0,0
0,0
0,0.05
0.05,0.15
0.05,0.1
0,0.15
0.05,0.1
0,0.15
0.05,0.1
0,0.1
0.05,0.1
0,0.05
0.05,0.05
0,0.05
0.05,0.05
0,0.05
0,0.05
0,0.05
0.05,0.05
1.15,4.35
0,0.05
0.05,0.05
0,0
0,0.05
0,0.05
0,0
0,0.05
0.05,0
0,0
0,0.05
0,0
0,0.05
0,0
0,0
0,0
0,0
0,0
0,0
0,0
0,0
0,0
1.3,1.3
0,0
0,0
0,0
0,0
0,0
0,0
0,0
0,0
0,0
0,0
0,0
0,0
0,0
0,0
0,0
0,0
0,0
0,0.05
0,0
0,0
0,0
0,0
0,0
0,0
0,0
0,0
0,0
1.3,0.45
0,0
0,0
0,0
0,0
0,0
0,0
0,0
0,0
0,0
0,0
0,0
0,0
0,0
0,0
0,0
0,0
0,0
0,0
0,0
0,0
0,0
0,0
0,0
0,0
0,0
1.65,0.35
0,0
0,0
0,0
0,0
0,0
0,0
0,0
0,0
0,0
0,0
0,0
0,0
0,0
0,0
0,0
0,0
0,0
0,0
0,0
0,0
2.4,0.45
0,0
0,0
0,0
0,0
0,0
0,0
0,0
0,0
0,0
0,0
0,0
0,0
0,0
0,0
0,0
0,0
0,0
0,0
0,0
0,0
0,0
0,0
0,0
0,0
0,0
0,0
0,0
2.3,0.4
0,0
0,0
0,0
0,0
0,0
0,0
0,0
0,0
0,0
0,0
0,0
0,0
0,0
0,0
0,0
0,0
0,0
0,0
